# 14x14 matrix where [i] to [j] is the distance at [i][j]
G = [[0, 3, 6, -1, -1, -1, 7, 8, -1, -1, -1, -1, -1, -1],
     [3, 0, 3, 4, -1, -1, -1, -1, -1, -1, -1, -1, -1, -1],
     [6, 3, 0, -1, -1, 7, -1, -1, -1, -1, -1, -1, -1, -1],
     [-1, 4, -1, 0, 2, -1, -1, -1, -1, -1, 9, -1, -1, -1],
     [-1, -1, -1, 2, 0, 6, 3, -1, -1, -1, -1, -1, -1, -1],
     [-1, -1, 7, -1, 6, 0, -1, -1, -1, 6, -1, -1, -1, 8],
     [7, -1, -1, -1, 3, -1, 0, 2, -1, -1, -1, -1, -1, -1],
     [8, -1, -1, -1, -1, -1, 2, 0, 3, -1, -1, -1, -1, -1],
     [-1, -1, -1, -1, -1, -1, -1, 3, 0, 4, -1, 3, 2, -1],
     [-1, -1, -1, -1, -1, 6, -1, -1, 4, 0, -1, -1, -1, -1],
     [-1, -1, -1, 9, -1, -1, -1, -1, -1, -1, 0, 4, 4, -1],
     [-1, -1, -1, -1, -1, -1, -1, -1, 3, -1, 4, 0, -1, 3],
     [-1, -1, -1, -1, -1, -1, -1, -1, 2, -1, 4, -1, 0, 1],
     [-1, -1, -1, -1, -1, 8, -1, -1, -1, -1, -1, 3, 1, 0]]


loc = [(index, row.index(val)) for index, row in enumerate(G) if val in row]